K=1 SCORE=261.65016270038615
K=2 SCORE=104.81074931273025
K=3 SCORE=77.71020993063267
K=4 SCORE=72.34671611838941
K=5 SCORE=71.86306330890314

BEST_K=5
