K=1 SCORE=261.65016270038615
K=2 SCORE=104.81074931273025
K=3 SCORE=76.34986330967627
K=4 SCORE=72.28718974386491
K=5 SCORE=58.93079974611945

BEST_K=5
